5 24 3.8949e-5
10 274 0.000515321
15 677 0.001955525
20 1172 0.004894653
25 1834 0.010443344
30 2566 0.020673069
35 3443 0.029671417
40 4485 0.051796674
45 5660 0.073046183
50 6713 0.109867383
55 8209 0.195272886
60 9412 0.20946699
65 10861 0.286487439
70 12480 0.367269133
75 14226 0.476110067
80 16112 0.597551805
85 18135 0.75272581
90 20247 0.934880475
95 22186 1.175620872
100 24395 1.449441295
105 26212 1.677147361
110 28721 1.956666878
115 31464 2.375419297
120 33616 2.67033853
125 36011 3.241283282
130 38718 3.657893823
135 41321 4.090923336
140 44135 5.077820096
145 47351 5.495654823
150 50720 6.458505556
155 54115 7.230900458
160 57554 8.078304257
165 61239 8.976705983
170 64739 10.228881717
175 68053 11.190791389
180 70889 12.218379051
185 75211 13.631406612
190 77672 14.805800599
