1 1
2 1
3 2
4 4
5 21
6 142
7 195
8 298
9 374
10 472
11 524
12 607
13 717
14 815
15 913
16 1020
17 1170
18 1271
19 1444
20 1548
21 1717
22 1825
23 1984
24 2178
25 2325
26 2493
27 2689
28 2797
29 2997
30 3167
31 3408
32 3608
33 3808
34 3995
35 4218
36 4502
37 4677
38 5006
39 5104
40 5452
41 5652
42 5949
43 6220
44 6498
45 6732
46 6971
47 7304
48 7635
49 7923
50 8174
51 8414
52 8817
53 9062
54 9288
55 9637
56 9943
57 10199
58 10548
59 10882
60 11185
61 11389
62 11824
63 12128
64 12468
65 12789
66 13185
67 13505
68 13815
69 14154
70 14478
71 14859
72 15295
73 15714
74 16146
75 16423
76 16867
77 17294
78 17885
79 18195
80 18694
81 19175
82 19588
83 20087
84 20447
85 21048
86 21412
87 21981
88 22368
89 22803
90 23353
91 23842
92 24321
93 24867
94 25310
95 25771
96 26367
97 26833
98 27366
99 27977
100 28339
101 28960
102 29379
103 29997
104 30435
105 31006
106 31627
107 31918
108 32676
109 33031
110 33607
111 34115
112 34562
113 35102
114 35679
115 36136
116 36734
117 36997
118 37634
119 38130
120 38622
