MERCURY
3.302e23
-1.741425018981730E-01,-4.236575369435728E-01,-1.932082627282657E-02
2.042279845238355E-02,-9.147939192029718E-03,-2.621780116213209E-03

VENUS
48.685e23
7.108874104850517E-01,1.475289827913959E-01,-3.917897844928585E-02
-3.997930253479682E-03,1.975505990962758E-02,5.014443552290667E-04

EARTH
5.97219e24
9.413801075750535E-01,3.379019986046322E-01,-9.334104672733438E-05
-5.994522787486753E-03,1.617377250092178E-02,-1.732657683299539E-07

MARS
6.4171e23
1.375357774690336E+00,-1.627517936385902E-01,-3.738675132962930E-02
2.243217631343320E-03,1.508628660091320E-02,2.610262676274213E-04

JUPITER
1898.13e24
-2.666952709077877E+00,-4.655671225645230E+00,7.896515774211305E-02
6.458958874387921E-03,-3.390642961368397E-03,-1.303431975919576E-04

SATURN
5.6834e26
1.543954489897663E+00,-9.936037960121499E+00,1.113028547106575E-01
5.205269695259624E-03,8.394344861930620E-04,-2.220728858861169E-04

URANUS
86.813e24
1.717792200893557E+01,9.994448097964824E+00,-1.854226138335391E-01
-2.006740577381741E-03,3.216232224304096E-03,3.798323252188187E-05

NEPTUNE
102.413e24
2.891951044185697E+01,-7.725591586322342E+00,-5.073855242738878E-01
7.889374352298129E-04,3.051510114439145E-03,-8.066487877030014E-05

PLUTO
1.307e22
1.164087973998699E+01,-3.157554534292389E+01,1.155639944820950E-02
3.024320808138397E-03,4.313236772252202E-04,-9.237227795187408E-04