main(1e-6, 8, 400)
main(1e-6, 9, 400)
main(1e-6, 10, 400)

	[2.95506, 6.932, 10.9142, 14.8988, 18.8848, 22.8716, 26.8589, 30.8465, 34.8344, 38.8223]
	
	[2.94946, 6.92346, 10.9033, 14.8858, 18.8698, 22.8546, 26.84, 30.8257, 34.8116, 38.7975]
	
	[2.94388, 6.91491, 10.8924, 14.8727, 18.8547, 22.8375, 26.8209, 30.8046, 34.7883, 38.7721]


main(1e-6, 1, 100)
main(1e-6, 2, 100)
main(1e-6, 3, 100)
main(1e-6, 4, 100)
main(1e-6, 5, 100)
main(1e-6, 6, 100)
main(1e-6, 7, 100)
main(1e-6, 8, 100)
main(1e-6, 9, 100)
main(1e-6, 10, 100)
main(1e-6, 11, 100)
main(1e-6, 12, 100)

	1: [9.95159, 39.0056, 87.3377, 154.93, 241.72, 347.624, 472.542, 616.351, 778.912, 960.069]

	2: [-1249.05, 3.52417, 11.2992, 23.8932, 41.4756, 64.0392, 91.5591, 124.003, 161.331, 203.502]

	3: [2.94388, 7.20416, 12.7159, 20.211, 29.8355, 41.5902, 55.4618, 71.4352, 89.4938, 109.62]

	4: [2.91052, 6.86638, 10.896, 15.3284, 20.685, 27.22, 34.9676, 43.9151, 54.047, 65.349]

	5: [2.88836, 6.82895, 10.7813, 14.7426, 18.758, 23.0272, 27.8652, 33.4573, 39.8385, 46.9966]

	6: [2.86633, 6.79434, 10.7356, 14.6818, 18.6298, 22.5793, 26.5436, 30.5972, 34.9203, 39.704]

	7: [2.84439, 6.7596, 10.6896, 14.6246, 18.5609, 22.4966, 26.4307, 30.3625, 34.2931, 38.2336]

	8: [2.82256, 6.72475, 10.6431, 14.5663, 18.4902, 22.4126, 26.3323, 30.2484, 34.1605, 38.068]

	9: [2.80083, 6.68978, 10.596, 14.5068, 18.4174, 22.3255, 26.2296, 30.1288, 34.0224, 37.91]

	10: [2.77921, 6.6547, 10.5484, 14.4462, 18.3428, 22.2355, 26.1228, 30.0035, 33.877, 37.7428]

	11: [2.75769, 6.61951, 10.5002, 14.3844, 18.2661, 22.1425, 26.0117, 29.8725, 33.7242, 37.5661]

	12: [2.73627, 6.58422, 10.4516, 14.3215, 18.1876, 22.0465, 25.8963, 29.7357, 33.5639, 37.38]


main(1e-6, 3, 400)
main(1e-6, 4, 400)
main(1e-6, 5, 400)

	3: [2.99501, 7.29743, 12.8898, 20.5116, 30.3115, 42.2984, 56.4694, 72.8221, 91.3543, 112.065]

	4: [2.97751, 6.96934, 11.034, 15.5247, 20.9768, 27.6429, 35.5598, 44.7214, 55.1202, 66.7513]

	5: [2.97187, 6.95757, 10.9468, 14.9429, 18.9992, 23.3346, 28.2757, 34.0055, 40.5593, 47.9295]
	
main(1e-6, 10, 400)
main(1e-6, 11, 400)
main(1e-6, 12, 400)

main(1e-6, 3, 400)
main(1e-6, 4, 400)
main(1e-6, 5, 400)

	10: l_mean: 2432.2090808335524 l_std: 1804.6056913933037
	11: l_mean: 1883.8107930568535 l_std: 1412.2410863859723
	12: l_mean: 1469.0427465927114 l_std: 1114.0040067159753
	3: l_mean: 34757.56801964799 l_std: 24682.515776887012
	4: l_mean: 19204.323351338135 l_std: 13683.11771109297
	5: l_mean: 12007.307231043851 l_std: 8592.013749408734

main(1e-6, 12, 400)
main(1e-6, 13, 400)
main(1e-6, 14, 400)
main(1e-6, 15, 400)
main(1e-6, 16, 400)
main(1e-6, 17, 400)
main(1e-6, 100, 400)

	12: l_mean: 1469.0427465927114 l_std: 1114.0040067159753
	13: l_mean: 1148.613679275104 l_std: 882.1422328277512
	14: l_mean: 892.172650328548 l_std: 701.506555286235
	15: l_mean: 695.9414012268998 l_std: 550.6497712445242
	16: l_mean: 534.0137615833688 l_std: 430.1335104384986
	17: l_mean: 402.23895629448975 l_std: 330.82185899676034
	100: l_mean: 2551.8437839731305 l_std: 2533.167010024985

main(1e-6, 20, 400)
main(1e-6, 30, 400)
main(1e-6, 40, 400)
main(1e-6, 50, 400)
main(1e-6, 60, 400)
main(1e-6, 70, 400)

	20: l_mean: 131.83383666666705 l_std: 121.79861637221533
	[2.88836, 6.82895, 10.7811, 14.7379, 18.6965, 22.6557, 26.6148, 30.5731, 34.5305, 38.4865, 42.4411, 46.3941, 50.3454, 54.2948, 58.2424, 62.1879, 66.1315, 70.073, 74.0123, 77.9496]

	30: l_mean: -146.56847324077867 l_std: 114.69684312994521
	[2.83347, 6.74219, 10.6664, 14.5956, 18.5258, 22.455, 26.382, 30.3061, 34.2267, 38.1435, 42.0562, 45.9645, 49.8682, 53.7673, 57.6615, 61.5508, 65.435, 69.3142, 73.1882, 77.0569]

	40: l_mean: -69.66497666672886 l_std: 105.02442443305586
	[2.77921, 6.65469, 10.5484, 14.4462, 18.3428, 22.2355, 26.1228, 30.0035, 33.877, 37.7428, 41.6003, 45.4493, 49.2895, 53.1207, 56.9427, 60.7552, 64.5583, 68.3516, 72.1351, 75.9087]

	50: l_mean: 157.21095928657644 l_std: 320.05929743812936
	[2.72561, 6.56654, 10.4271, 14.2896, 18.1476, 21.9974, 25.837, 29.6652, 33.4809, 37.2834, 41.0721, 44.8465, 48.6063, 52.3511, 56.0806, 59.7944, 63.4924, 67.1743, 70.8399, 74.4889]
	
	60: l_mean: 483.39266185173716 l_std: 636.0227846275782
	[2.67267, 6.47778, 10.3027, 14.1262, 17.9402, 21.7406, 25.5246, 29.2906, 33.0373, 36.7638, 40.4691, 44.1527, 47.8138, 51.452, 55.0667, 58.6575, 62.2238, 65.7652, 69.2813, 72.7716]

	70: l_mean: 891.5195851480644 l_std: 1018.6611162296115
	[2.62043, 6.38847, 10.1752, 13.9559, 17.7209, 21.465, 25.1851, 28.879, 32.5449, 36.1816, 39.7878, 43.3625, 46.9048, 50.4136, 53.8882, 57.3276, 60.7309, 64.0972, 67.4256, 70.7151]

main(1e-6, 25, 400)
main(1e-6, 35, 400)
main(1e-6, 45, 400)
main(1e-6, 55, 400)

	25: l_mean: -81.44721633169014 l_std: 64.8786876945152
	[2.86083, 6.78567, 10.7242, 14.6676, 18.6127, 22.5577, 26.5017, 30.4441, 34.3843, 38.3222, 42.2575, 46.1899, 50.1194, 54.0457, 57.9689, 61.8888, 65.8054, 69.7186, 73.6283, 77.5345]

	35: l_mean: -132.97212423535038 l_std: 94.43285081093985
	[2.80626, 6.69853, 10.6078, 14.5218, 18.4358, 22.3476, 26.2557, 30.1593, 34.0576, 37.9504, 41.8372, 45.7177, 49.5917, 53.4591, 57.3196, 61.1731, 65.0196, 68.8589, 72.6909, 76.5155]
	
	45: l_mean: 29.49557275626705 l_std: 193.38158849763298
	[2.75232, 6.61069, 10.4881, 14.3688, 18.2467, 22.1188, 25.9832, 29.8388, 33.6848, 37.5205, 41.3454, 45.1591, 48.9612, 52.7516, 56.53, 60.2961, 64.0497, 67.7907, 71.5189, 75.2341]
	
	55: l_mean: 309.3403805219046 l_std: 469.0395902604785
	[2.69906, 6.52223, 10.3652, 14.2088, 18.0454, 21.8713, 25.6842, 29.4825, 33.2651, 37.0312, 40.7801, 44.5113, 48.2241, 51.9183, 55.5933, 59.2489, 62.8846, 66.5002, 70.0952, 73.6695]


main(1e-6, 22, 400)
main(1e-6, 23, 400)
main(1e-6, 24, 400)
main(1e-6, 26, 400)
main(1e-6, 27, 400)
main(1e-6, 28, 400)

	22: l_mean: 20.88592973189441 l_std: 37.703455400384264
	[2.87733, 6.81166, 10.7585, 14.71, 18.6634, 22.6171, 26.5704, 30.5226, 34.4734, 38.4225, 42.3698, 46.315, 50.258, 54.1987, 58.137, 62.0729, 66.0063, 69.9372, 73.8654, 77.791]
	
	23: l_mean: -20.412371519620702 l_std: 25.836760649936153
	[2.87183, 6.803, 10.7471, 14.6959, 18.6466, 22.5975, 26.5477, 30.4968, 34.4442, 38.3897, 42.333, 46.2741, 50.2128, 54.1489, 58.0824, 62.0131, 65.9411, 69.8663, 73.7886, 77.7079]
	
	24: l_mean: -54.16379014816857 l_std: 43.726495468078475
	[2.86633, 6.79434, 10.7356, 14.6818, 18.6297, 22.5777, 26.5249, 30.4706, 34.4145, 38.3562, 42.2956, 46.2324, 50.1666, 54.0979, 58.0263, 61.9518, 65.8741, 69.7934, 73.7095, 77.6224]
	
	26: l_mean: -106.00312896150099 l_std: 82.03837043981352
	[-49.0341, 2.85535, 6.77698, 10.7127, 14.6534, 18.5956, 22.5375, 26.4783, 30.4172, 34.3537, 38.2876, 42.2186, 46.1465, 50.0711, 53.9924, 57.9102, 61.8244, 65.7349, 69.6417, 73.5448]
	
	27: l_mean: -119.95297311514838 l_std: 97.04378943859642
	[2.84987, 6.7683, 10.7012, 14.639, 18.5783, 22.5172, 26.4546, 30.3899, 34.3227, 38.2525, 42.1791, 46.1023, 50.0219, 53.9379, 57.85, 61.7583, 65.6626, 69.5629, 73.459, 77.351]

	28: l_mean: -132.48254620605832 l_std: 107.03604630829467
	[2.84439, 6.7596, 10.6896, 14.6246, 18.5609, 22.4966, 26.4307, 30.3624, 34.2912, 38.2167, 42.1388, 46.0572, 49.9717, 53.8822, 57.7886, 61.6907, 65.5885, 69.482, 73.371, 77.2555]

23 er vist best.

23: l_mean: 119.98435997720847 l_std: 116.89442792755683

2.8972      3
6.84276      7
10.7992     11
14.7599     15
18.7227     19
22.6861     23
26.6496     27
30.6126     31
34.5748     35
38.5361     39
42.4962     43
46.455     47
50.4124     51
54.3684     55
58.3227     59
62.2755     63
66.2266     67
70.1759     71
74.1236     75
78.0694     79
82.0134     83
85.9556     87
89.896     91
93.8344     95
97.771     99
101.706    103
105.638    107
109.569    111
113.498    115
117.425    119
121.35    123
125.273    127
129.193    131
133.112    135
137.029    139
140.944    143
144.857    147
148.767    151
152.676    155
156.583    159
160.487    163
164.39    167
168.29    171
172.188    175
176.085    179
179.979    183
183.871    187
187.761    191
191.649    195
195.534    199
199.418    203
203.299    207
207.179    211
211.056    215
214.931    219
218.804    223
222.675    227
226.543    231
230.41    235
234.274    239
238.136    243
241.996    247
245.854    251
249.71    255
253.563    259
257.415    263
261.264    267
265.111    271
268.956    275
272.798    279
276.639    283
280.477    287
284.313    291
288.147    295
291.979    299
295.808    303
299.635    307
303.46    311
307.283    315
311.104    319
314.922    323
318.738    327
322.552    331
326.364    335
330.173    339
333.98    343
337.785    347
341.588    351
345.389    355
349.187    359
352.983    363
356.776    367
360.568    371
364.357    375
368.144    379
371.929    383
375.711    387
379.491    391
383.269    395
387.045    399
390.818    403
394.589    407
398.358    411
402.125    415
405.889    419
409.651    423
413.41    427
417.168    431
420.923    435
424.676    439
428.426    443
432.174    447
435.92    451
439.663    455
443.405    459
447.144    463
450.88    467
454.614    471
458.346    475
462.076    479
465.803    483
469.528    487
473.251    491
476.971    495
480.689    499
484.404    503
488.118    507
491.829    511
495.539    515
499.248    519
502.958    523
506.673    527
510.397    531
514.139    535
517.907    539
521.71    543
525.555    547
529.448    551
533.391    555
537.384    559
541.426    563
545.518    567
549.655    571
553.837    575
558.062    579
562.327    583
566.632    587
570.975    591
575.355    595
579.77    599
584.219    603
588.702    607
593.217    611
597.764    615
602.341    619
606.949    623
611.586    627
616.252    631
620.945    635
625.667    639
630.415    643
635.19    647
639.991    651
644.817    655
649.668    659
654.544    663
659.443    667
664.367    671
669.314    675
674.283    679
679.275    683
684.289    687
689.325    691
694.383    695
699.461    699
704.56    703
709.679    707
714.818    711
719.977    715
725.156    719
730.353    723
735.569    727
740.803    731
746.055    735
751.326    739
756.613    743
761.918    747
767.239    751
772.578    755
777.932    759
783.302    763
788.689    767
794.09    771
799.507    775
804.938    779
810.384    783
815.845    787
821.319    791
826.807    795
832.309    799
837.823    803
843.351    807
848.891    811
854.444    815
860.009    819
865.585    823
871.174    827
876.773    831
882.384    835
888.005    839
893.637    843
899.279    847
904.931    851
910.593    855
916.265    859
921.945    863
927.635    867
933.333    871
939.039    875
944.754    879
950.477    883
956.207    887
961.945    891
967.69    895
973.442    899
979.2    903
984.965    907
990.736    911
996.513    915
1002.3    919
1008.08    923
1013.88    927
1019.67    931
1025.48    935
1031.28    939
1037.09    943
1042.91    947
1048.73    951
1054.55    955
1060.37    959
1066.2    963
1072.03    967
1077.86    971
1083.7    975
1089.53    979
1095.37    983
1101.21    987
1107.05    991
1112.89    995
1118.73    999
1124.57   1003
1130.41   1007
1136.26   1011
1142.1   1015
1147.94   1019
1153.78   1023
1159.61   1027
1165.45   1031
1171.29   1035
1177.12   1039
1182.95   1043
1188.78   1047
1194.6   1051
1200.43   1055
1206.24   1059
1212.06   1063
1217.87   1067
1223.68   1071
1229.48   1075
1235.28   1079
1241.08   1083
1246.87   1087
1252.65   1091
1258.43   1095
1264.21   1099
1269.97   1103
1275.73   1107
1281.49   1111
1287.24   1115
1292.98   1119
1298.71   1123
1304.44   1127
1310.16   1131
1315.87   1135
1321.57   1139
1327.27   1143
1332.95   1147
1338.63   1151
1344.3   1155
1349.95   1159
1355.6   1163
1361.24   1167
1366.87   1171
1372.49   1175
1378.09   1179
1383.69   1183
1389.28   1187
1394.85   1191
1400.41   1195
1405.96   1199
1411.5   1203
1417.03   1207
1422.54   1211
1428.04   1215
1433.53   1219
 1439   1223
1444.46   1227
1449.91   1231
1455.34   1235
1460.76   1239
1466.16   1243
1471.55   1247
1476.92   1251
1482.28   1255
1487.62   1259
1492.95   1263
1498.26   1267
1503.55   1271
1508.83   1275
1514.09   1279
1519.33   1283
1524.56   1287
1529.77   1291
1534.96   1295
1540.13   1299
1545.28   1303
1550.42   1307
1555.54   1311
1560.63   1315
1565.71   1319
1570.77   1323
1575.81   1327
1580.83   1331
1585.83   1335
1590.8   1339
1595.76   1343
1600.7   1347
1605.61   1351
1610.51   1355
1615.38   1359
1620.23   1363
1625.05   1367
1629.86   1371
1634.64   1375
1639.39   1379
1644.13   1383
1648.84   1387
1653.52   1391
1658.19   1395
1662.82   1399
1667.44   1403
1672.02   1407
1676.59   1411
1681.12   1415
1685.63   1419
1690.12   1423
1694.57   1427
 1699   1431
1703.41   1435
1707.78   1439
1712.13   1443
1716.45   1447
1720.74   1451
1725.01   1455
1729.24   1459
1733.44   1463
1737.62   1467
1741.76   1471
1745.88   1475
1749.96   1479
1754.01   1483
1758.03   1487
1762.02   1491
1765.98   1495
1769.9   1499
1773.8   1503
1777.65   1507
1781.48   1511
1785.27   1515
1789.02   1519
1792.74   1523
1796.42   1527
1800.07   1531
1803.68   1535
1807.25   1539
1810.78   1543
1814.28   1547
1817.73   1551
1821.15   1555
1824.53   1559
1827.86   1563
1831.15   1567
1834.4   1571
1837.6   1575
1840.76   1579
1843.88   1583
1846.94   1587
1849.96   1591
1852.93   1595
1855.84   1599
1858.71   1603
1861.51   1607
1864.27   1611
1866.96   1615
1869.59   1619
1872.15   1623
1874.64   1627
1877.06   1631
1879.4   1635
1881.65   1639
1883.81   1643
1885.85   1647
1887.74   1651
1889.49   1655
1891.16   1659
1892.91   1663
1894.82   1667
1896.88   1671
1899.05   1675
1901.33   1679
1903.71   1683
1906.17   1687
1908.71   1691
1911.32   1695
1914.01   1699
1916.77   1703
1919.6   1707
1922.5   1711
1925.46   1715
1928.49   1719
1931.58   1723
1934.74   1727
1937.95   1731
1941.23   1735
1944.57   1739
1947.96   1743
1951.42   1747
1954.94   1751
1958.53   1755
1962.17   1759
1965.87   1763
1969.64   1767
1973.46   1771
1977.35   1775
1981.3   1779
1985.32   1783
1989.39   1787
1993.54   1791
1997.74   1795
2002.02   1799
2006.36   1803
2010.76   1807
2015.24   1811
2019.79   1815
2024.4   1819
2029.09   1823
2033.86   1827
2038.7   1831
2043.61   1835
2048.61   1839
2053.68   1843
2058.84   1847
2064.08   1851
2069.41   1855
2074.83   1859
2080.34   1863
2085.94   1867
2091.64   1871
2097.45   1875
2103.35   1879
2109.36   1883
2115.49   1887
2121.72   1891
2128.08   1895
2134.57   1899
2141.18   1903
2147.94   1907
2154.83   1911
2161.88   1915
2169.09   1919
2176.47   1923
2184.02   1927
2191.76   1931
2199.71   1935
2207.88   1939
2216.28   1943
2224.93   1947
2233.87   1951
2243.1   1955
2252.68   1959
2262.63   1963
2273.01   1967
2283.88   1971
2295.32   1975
2307.44   1979
2320.4   1983
2334.44   1987
2349.94   1991
2367.67   1995
2389.6   1999

273.737












Ny:

main(1e-6, 1, 100)
main(1e-6, 10, 100)
main(1e-6, 20, 100)
main(1e-6, 30, 100)
main(1e-6, 40, 100)
main(1e-6, 50, 100)
main(1e-6, 60, 100)
main(1e-6, 70, 100)
main(1e-6, 80, 100)
main(1e-6, 90, 100)
main(1e-6, 100, 100)


	1: l_mean: 19799.37834939331 l_std: 14026.929485950011
	[9.96155, 39.0156, 87.3477, 154.94, 241.73, 347.634, 472.552, 616.361, 778.922, 960.079, 1159.66, 1377.46, 1613.28, 1866.89, 2138.04, 2426.48, 2731.91, 3054.05, 3392.59, 3747.19]
	
	10: l_mean: 32.83494333102784 l_std: 30.050827714418208
	[2.99685, 6.98431, 10.9617, 14.929, 18.8861, 22.8331, 26.7698, 30.6963, 34.6125, 38.5183, 42.4138, 46.2988, 50.1733, 54.0373, 57.8907, 61.7336, 65.5657, 69.3872, 73.198, 76.998]
	
	20: l_mean: -15.660388337958143 l_std: 26.740891621763964
	[2.98674, 6.9359, 10.8441, 14.7105, 18.5345, 22.3153, 26.052, 29.7439, 33.39, 36.9893, 40.5408, 44.0434, 47.4958, 50.8968, 54.2449, 57.5386, 60.7761, 63.9556, 67.0749, 70.1316]
	
	30: l_mean: 125.73633369676489 l_std: 162.56675860641553
	[2.96637, 6.84911, 10.6368, 14.3251, 17.9092, 21.3834, 24.7414, 27.9753, 31.0752, 34.0282, 36.817, 39.4154, 41.7827, 43.8948, 45.9321, 48.202, 50.7743, 53.6134, 56.6921, 59.9944]
	
	40: l_mean: 352.85841394908107 l_std: 372.6347117217122
	[2.92783, 6.71273, 10.3215, 13.7355, 16.9307, 19.8721, 22.5037, 24.8098, 27.1086, 29.7938, 32.9082, 36.4105, 40.2762, 44.4917, 49.0485, 53.9409, 59.1652, 64.7188, 70.5997, 76.8063]
	
	50: l_mean: 652.8725169751006 l_std: 644.3180703639451
	[2.85764, 6.51332, 9.87623, 12.8757, 15.4566, 17.9496, 20.9316, 24.5127, 28.6514, 33.3235, 38.5165, 44.2235, 50.4402, 57.1638, 64.3926, 72.1253, 80.3609, 89.0989, 98.3388, 108.08]
	
	60: l_mean: 1022.6119757268616 l_std: 976.7691390450171
	[2.73808, 6.24714, 9.29976, 11.9739, 15.0021, 18.8201, 23.4172, 28.7645, 34.8487, 41.6632, 49.2044, 57.4702, 66.4591, 76.1703, 86.6033, 97.7575, 109.633, 122.229, 135.545, 149.582]
	
	70: l_mean: 1460.9917560868198 l_std: 1369.8119525273369
	[2.55432, 5.94927, 8.89002, 12.1959, 16.505, 21.8411, 28.179, 35.5084, 43.8243, 53.1243, 63.4069, 74.6712, 86.9168, 100.143, 114.351, 129.538, 145.706, 162.855, 180.983, 200.092]

	80: l_mean: 1967.5586267262863 l_std: 1823.3906772071869
	[2.30895, 5.7471, 9.09269, 13.487, 19.2023, 26.2184, 34.5242, 44.1149, 54.9886, 67.1441, 80.5808, 95.2983, 111.296, 128.575, 147.134, 166.972, 188.092, 210.491, 234.17, 259.13]
	
	90: l_mean: 2542.09606583652 l_std: 2337.482710936153
	[2.03091, 5.77234, 9.86509, 15.4891, 22.7572, 31.6555, 42.1785, 54.3239, 68.0908, 83.4786, 100.487, 119.116, 139.365, 161.234, 184.723, 209.833, 236.562, 264.912, 294.882, 326.472]
	
	100: l_mean: 3184.4900333502014 l_std: 2912.0773468261823
	[1.75805, 6.04222, 11.0568, 18.0318, 27.0202, 38.014, 51.0103, 66.0079, 83.0062, 102.005, 123.004, 146.003, 171.003, 198.003, 227.002, 258.002, 291.002, 326.002, 363.001, 402.001]


main(1e-6, 11, 100)
main(1e-6, 12, 100)
main(1e-6, 13, 100)
main(1e-6, 14, 100)
main(1e-6, 15, 100)
main(1e-6, 16, 100)
main(1e-6, 17, 100)
main(1e-6, 18, 100)
main(1e-6, 19, 100)
main(1e-6, 21, 100)
main(1e-6, 22, 100)
main(1e-6, 23, 100)
main(1e-6, 24, 100)
main(1e-6, 25, 100)
main(1e-6, 26, 100)
main(1e-6, 27, 100)
main(1e-6, 28, 100)
main(1e-6, 29, 100)


	11: l_mean: 5.229518915066865 l_std: 9.046602243984939
	[2.99618, 6.98099, 10.9536, 14.914, 18.862, 22.7977, 26.721, 30.6317, 34.53, 38.4156, 42.2885, 46.1487, 49.996, 53.8305, 57.6521, 61.4606, 65.2561, 69.0384, 72.8075, 76.5632]
	
	12: l_mean: -13.388827965734558 l_std: 10.940985166961912
	[2.99544, 6.97735, 10.9447, 14.8975, 18.8355, 22.7588, 26.6672, 30.5607, 34.4391, 38.3023, 42.1504, 45.9831, 49.8003, 53.6021, 57.3882, 61.1587, 64.9132, 68.6519, 72.3745, 76.0809]
	
	13: l_mean: -25.475801196752855 l_std: 20.688080288119462
	[2.99463, 6.97337, 10.935, 14.8795, 18.8067, 22.7164, 26.6085, 30.483, 34.3397, 38.1784, 41.9991, 45.8016, 49.5858, 53.3514, 57.0985, 60.8267, 64.536, 68.2263, 71.8973, 75.5488]
	
	14: l_mean: -32.642760432778985 l_std: 26.535732279290222
	[2.99374, 6.96906, 10.9245, 14.86, 18.7753, 22.6703, 26.5448, 30.3987, 34.2317, 38.0437, 41.8345, 45.6039, 49.3517, 53.0778, 56.7818, 60.4637, 64.1231, 67.7599, 71.3737, 74.9645]

	15: l_mean: -35.9825692627268 l_std: 28.27673619506762
	[2.99278, 6.96442, 10.9132, 14.839, 18.7415, 22.6206, 26.476, 30.3075, 34.1148, 37.8977, 41.656, 45.3894, 49.0976, 52.7803, 56.4373, 60.0682, 63.6727, 67.2506, 70.8014, 74.3248]
	
	16: l_mean: -36.257640904740704 l_std: 27.010177067353798
	[2.99175, 6.95942, 10.9011, 14.8165, 18.7053, 22.5672, 26.402, 30.2094, 33.9889, 37.7404, 41.4634, 45.1576, 48.8226, 52.4581, 56.0636, 59.6387, 63.183, 66.6961, 70.1773, 73.6262]
	
	17: l_mean: -34.012972946463954 l_std: 24.376929790363008
	[2.99063, 6.95408, 10.8881, 14.7924, 18.6665, 22.5101, 26.3227, 30.1041, 33.8538, 37.5712, 41.2561, 44.9079, 48.526, 52.1101, 55.6594, 59.1735, 62.6517, 66.0933, 69.4977, 72.8641]
	
	18: l_mean: -29.646516083723004 l_std: 22.185717677751523
	[2.98942, 6.94839, 10.8743, 14.7667, 18.6251, 22.4491, 26.2381, 29.9916, 33.7091, 37.39, 41.0337, 44.6395, 48.2068, 51.7349, 55.223, 58.6702, 62.0758, 65.4388, 68.7581, 72.0328]
	
	19: l_mean: -23.454336789444742 l_std: 22.542771617227167
	[2.98813, 6.94233, 10.8596, 14.7394, 18.5811, 22.3842, 26.1479, 29.8716, 33.5546, 37.1961, 40.7954, 44.3516, 47.8638, 51.3311, 54.7523, 58.1263, 61.4521, 64.7281, 67.953, 71.1252]
	
	21: l_mean: -6.436605762765821 l_std: 34.319109364927634
	[2.98525, 6.92909, 10.8276, 14.6799, 18.4851, 22.2423, 25.9504, 29.6083, 33.2148, 36.7688, 40.2689, 43.7135, 47.1011, 50.4299, 53.698, 56.903, 60.0427, 63.1141, 66.1141, 69.039]
	
	22: l_mean: 4.083241134406319 l_std: 44.23085832198961
	[2.98366, 6.92189, 10.8103, 14.6477, 18.433, 22.1652, 25.8428, 29.4645, 33.0288, 36.5342, 39.9789, 43.3608, 46.678, 49.9278, 53.1077, 56.2145, 59.2446, 62.1938, 65.0571, 67.8285]

	23: l_mean: 15.793815313768011 l_std: 55.75106713191807
	[2.98196, 6.9143, 10.792, 14.6137, 18.3781, 22.0837, 25.729, 29.3122, 32.8315, 36.2847, 39.6697, 42.9837, 46.224, 49.3872, 52.4695, 55.4663, 58.3723, 61.1808, 63.8837, 66.47]
	
	24: l_mean: 28.61125711019004 l_std: 68.48061059910893
	[2.98014, 6.9063, 10.7728, 14.578, 18.3203, 21.998, 25.6089, 29.1511, 32.6222, 36.0195, 39.34, 42.5803, 45.7365, 48.8039, 51.7771, 54.6493, 57.412, 60.0542, 62.5606, 64.9083]
	
	25: l_mean: 42.46813588755131 l_std: 82.20076133693193
	[2.9782, 6.89788, 10.7526, 14.5405, 18.2596, 21.9077, 25.4823, 28.9809, 32.4005, 35.7376, 38.9884, 42.1482, 45.2118, 48.1725, 51.0222, 53.7503, 56.3425, 58.7779, 61.024, 63.0511]
	
	26: l_mean: 57.30973375305198 l_std: 96.78513749052057
	[2.97613, 6.88904, 10.7315, 14.5013, 18.1959, 21.8127, 25.3489, 28.8011, 32.1655, 35.4379, 38.6129, 41.6846, 44.6453, 47.4855, 50.1925, 52.7484, 55.1261, 57.2868, 59.2466, 61.2302]
	
	27: l_mean: 73.09127427562295 l_std: 112.15630665799006
	[2.97392, 6.87975, 10.7094, 14.4601, 18.129, 21.713, 25.2084, 28.6112, 31.9166, 35.119, 38.2115, 41.1857, 44.0308, 46.7321, 49.2686, 51.6071, 53.7114, 55.6674, 57.7561, 60.1131]
	
	28: l_mean: 89.77583123064716 l_std: 128.26433068215408
	[2.97156, 6.87001, 10.6862, 14.4171, 18.059, 21.6083, 25.0606, 28.4107, 31.6527, 34.7792, 37.7811, 40.6465, 43.3592, 45.8955, 48.218, 50.2988, 52.2826, 54.4608, 56.9196, 59.6268]
	
	29: l_mean: 107.33273314189772 l_std: 145.07561289727388
	[2.96905, 6.8598, 10.6621, 14.3721, 17.9858, 21.4985, 24.9051, 28.199, 31.3727, 34.4165, 37.318, 40.0599, 42.6167, 44.9488, 47.0339, 49.0489, 51.2883, 53.8181, 56.6035, 59.6177]
	
	
main(1e-6, 11, 200)
main(1e-6, 11, 300)
main(1e-6, 11, 400)
main(1e-6, 11, 500)

	11: l_mean: 300.79347104481315 l_std: 240.04230602562185
	[2.99906, 6.99527, 10.9885, 14.9786, 18.9657, 22.9498, 26.9308, 30.9088, 34.8837, 38.8556, 42.8244, 46.7902, 50.7528, 54.7124, 58.669, 62.6224, 66.5728, 70.5201, 74.4643, 78.4054]
	
	11: l_mean: 927.138799517509 l_std: 709.0335083473875
	[2.99958, 6.9979, 10.9949, 14.9905, 18.9848, 22.9777, 26.9693, 30.9595, 34.9484, 38.936, 42.9221, 46.907, 50.8905, 54.8726, 58.8534, 62.8328, 66.8108, 70.7875, 74.7629, 78.7369]
	
	11: l_mean: 1884.1132911660895 l_std: 1412.2436504789748
	[2.99977, 6.99882, 10.9971, 14.9947, 18.9914, 22.9875, 26.9827, 30.9773, 34.971, 38.964, 42.9562, 46.9477, 50.9384, 54.9284, 58.9176, 62.906, 66.8937, 70.8807, 74.8668, 78.8522]

	11: l_mean: 3171.686572972389 l_std: 2349.3552288850196
	[2.99985, 6.99925, 10.9982, 14.9966, 18.9945, 22.992, 26.989, 30.9854, 34.9815, 38.977, 42.972, 46.9666, 50.9606, 54.9542, 58.9473, 62.9399, 66.932, 70.9237, 74.9148, 78.9055]

main(1e-6, 8, 400)
main(1e-6, 9, 400)
main(1e-6, 10, 400)
main(1e-6, 12, 400)
main(1e-6, 13, 400)
main(1e-6, 14, 400)
	
	8: l_mean: 4220.414651667025 l_std: 3076.938142172156
	[2.99988, 6.99938, 10.9985, 14.9972, 18.9955, 22.9934, 26.9909, 30.988, 34.9847, 38.981, 42.977, 46.9734, 50.976, 55.0115, 59.1543, 63.5195, 68.2014, 73.2389, 78.6344, 84.3792]

	9: l_mean: 3176.7194979751384 l_std: 2335.111998578999
	[2.99984, 6.99921, 10.9981, 14.9964, 18.9943, 22.9916, 26.9885, 30.9848, 34.9806, 38.9759, 42.9707, 46.965, 50.9588, 54.9521, 58.945, 62.9384, 66.9376, 70.9637, 75.0728, 79.3522]
	
	10: l_mean: 2432.4590792709273 l_std: 1804.6071836428634
	[2.99981, 6.99903, 10.9976, 14.9956, 18.9929, 22.9896, 26.9857, 30.9812, 34.976, 38.9703, 42.9638, 46.9568, 50.9491, 54.9408, 58.9319, 62.9224, 66.9122, 70.9014, 74.89, 78.8785]
	
	12: l_mean: 1469.4027443425596 l_std: 1114.008195898094
	[2.99972, 6.9986, 10.9966, 14.9936, 18.9898, 22.9851, 26.9795, 30.9729, 34.9655, 38.9572, 42.9479, 46.9378, 50.9267, 54.9148, 58.9019, 62.8882, 66.8735, 70.8579, 74.8414, 78.8241]
	
	13: l_mean: 1149.0361766343162 l_std: 882.1487932654014
	[2.99967, 6.99835, 10.996, 14.9925, 18.988, 22.9825, 26.9759, 30.9682, 34.9595, 38.9497, 42.9389, 46.9269, 50.914, 54.8999, 58.8849, 62.8687, 66.8515, 70.8332, 74.8138, 78.7934]
	
	14: l_mean: 897.2318335646993 l_std: 698.4732733778206
	[2.99962, 6.99809, 10.9953, 14.9913, 18.9861, 22.9797, 26.972, 30.9631, 34.953, 38.9417, 42.9291, 46.9153, 50.9002, 54.8839, 58.8664, 62.8477, 66.8277, 70.8065, 74.784, 78.7603]
	

main(1e-6, 6, 400)
main(1e-6, 7, 400)

	6: l_mean: 8099.936890790447 l_std: 5826.529006188527
	[2.99993, 6.99965, 10.9991, 14.9984, 18.9975, 22.9982, 27.0173, 31.1413, 35.5681, 40.4943, 46.0038, 52.1052, 58.788, 66.0416, 73.8578, 82.231, 91.1568, 100.632, 110.654, 121.222]
	
	7: l_mean: 5746.008746730493 l_std: 4159.0920747813125
	[2.99991, 6.99952, 10.9988, 14.9978, 18.9965, 22.9949, 26.993, 30.991, 34.9909, 39.0078, 43.1052, 47.4209, 52.1015, 57.2213, 62.7933, 68.8092, 75.2582, 82.1313, 89.4218, 97.1248]

main(1e-6, 4, 400)
main(1e-6, 5, 400)

	4: l_mean: 19204.36335108807 l_std: 13683.117718276739
	[3.0, 7.00303, 11.075, 15.5684, 21.0201, 27.6854, 35.6016, 44.7628, 55.1613, 66.7921, 79.652, 93.7384, 109.049, 125.584, 143.339, 162.315, 182.509, 203.921, 226.549, 250.391]
	
	5: l_mean: 12007.369730653149 l_std: 8592.013776184667
	[2.99995, 6.99976, 10.9996, 15.0043, 19.067, 23.4047, 28.3451, 34.0736, 40.6262, 47.9956, 56.1712, 65.1453, 74.9127, 85.4695, 96.8131, 108.941, 121.852, 135.545, 150.017, 165.268]

main(1e-6, 23, 500)

23: l_mean: 121.0423557450246 l_std: 116.97096507574602
[2.99934, 6.99669, 10.9919, 14.985, 18.976, 22.9649, 26.9516, 30.9363, 34.9187, 38.8991, 42.8773, 46.8534, 50.8274, 54.7992, 58.7689, 62.7364, 66.7018, 70.665, 74.6261, 78.5851, 82.5419, 86.4965, 90.449, 94.3994, 98.3475, 102.294, 106.237, 110.179, 114.119, 118.056, 121.991, 125.924, 129.855, 133.784, 137.71, 141.635, 145.557, 149.477, 153.395, 157.31, 161.224, 165.135, 169.044, 172.951, 176.855, 180.758, 184.658, 188.556, 192.452, 196.346, 200.237, 204.126, 208.013, 211.898, 215.781, 219.661, 223.539, 227.415, 231.289, 235.161, 239.03, 242.897, 246.762, 250.624, 254.485, 258.343, 262.199, 266.052, 269.904, 273.753, 277.6, 281.445, 285.287, 289.127, 292.965, 296.801, 300.634, 304.465, 308.294, 312.121, 315.945, 319.767, 323.587, 327.405, 331.22, 335.033, 338.844, 342.652, 346.458, 350.262, 354.064, 357.863, 361.66, 365.455, 369.247, 373.037, 376.825, 380.611, 384.394, 388.175, 391.954, 395.73, 399.504, 403.275, 407.045, 410.812, 414.576, 418.339, 422.099, 425.857, 429.612, 433.365, 437.116, 440.864, 444.61, 448.354, 452.095, 455.834, 459.571, 463.305, 467.037, 470.767, 474.494, 478.219, 481.941, 485.661, 489.379, 493.095, 496.809, 500.522, 504.235, 507.953, 511.678, 515.42, 519.185, 522.983, 526.823, 530.709, 534.644, 538.63, 542.666, 546.75, 550.882, 555.058, 559.277, 563.538, 567.838, 572.177, 576.552, 580.963, 585.408, 589.888, 594.399, 598.943, 603.517, 608.122, 612.756, 617.419, 622.11, 626.829, 631.575, 636.347, 641.146, 645.97, 650.819, 655.692, 660.59, 665.512, 670.456, 675.424, 680.415, 685.427, 690.461, 695.517, 700.593, 705.691, 710.809, 715.946, 721.104, 726.281, 731.476, 736.691, 741.924, 747.175, 752.444, 757.73, 763.033, 768.354, 773.691, 779.044, 784.413, 789.798, 795.199, 800.614, 806.045, 811.49, 816.949, 822.422, 827.909, 833.41, 838.924, 844.45, 849.99, 855.541, 861.105, 866.681, 872.268, 877.867, 883.477, 889.097, 894.728, 900.369, 906.021, 911.682, 917.352, 923.032, 928.721, 934.418, 940.124, 945.838, 951.56, 957.289, 963.026, 968.771, 974.522, 980.279, 986.044, 991.814, 997.59, 1003.37, 1009.16, 1014.95, 1020.75, 1026.55, 1032.36, 1038.17, 1043.98, 1049.8, 1055.62, 1061.44, 1067.27, 1073.1, 1078.93, 1084.76, 1090.6, 1096.43, 1102.27, 1108.11, 1113.95, 1119.79, 1125.63, 1131.47, 1137.32, 1143.16, 1149.0, 1154.83, 1160.67, 1166.51, 1172.34, 1178.17, 1184.0, 1189.83, 1195.66, 1201.48, 1207.3, 1213.11, 1218.92, 1224.73, 1230.53, 1236.33, 1242.13, 1247.92, 1253.7, 1259.48, 1265.25, 1271.02, 1276.78, 1282.53, 1288.28, 1294.02, 1299.76, 1305.48, 1311.2, 1316.91, 1322.61, 1328.3, 1333.99, 1339.67, 1345.33, 1350.99, 1356.64, 1362.28, 1367.9, 1373.52, 1379.13, 1384.72, 1390.31, 1395.88, 1401.44, 1406.99, 1412.53, 1418.05, 1423.56, 1429.06, 1434.55, 1440.02, 1445.48, 1450.93, 1456.36, 1461.78, 1467.18, 1472.57, 1477.94, 1483.29, 1488.64, 1493.96, 1499.27, 1504.56, 1509.84, 1515.1, 1520.34, 1525.57, 1530.77, 1535.96, 1541.14, 1546.29, 1551.42, 1556.54, 1561.64, 1566.71, 1571.77, 1576.81, 1581.83, 1586.82, 1591.8, 1596.76, 1601.69, 1606.6, 1611.5, 1616.37, 1621.21, 1626.04, 1630.84, 1635.62, 1640.38, 1645.11, 1649.82, 1654.5, 1659.16, 1663.8, 1668.41, 1673.0, 1677.56, 1682.09, 1686.6, 1691.08, 1695.54, 1699.97, 1704.37, 1708.74, 1713.09, 1717.41, 1721.7, 1725.96, 1730.19, 1734.39, 1738.56, 1742.71, 1746.82, 1750.9, 1754.95, 1758.97, 1762.95, 1766.91, 1770.83, 1774.72, 1778.57, 1782.39, 1786.18, 1789.93, 1793.64, 1797.32, 1800.97, 1804.57, 1808.14, 1811.67, 1815.16, 1818.62, 1822.03, 1825.4, 1828.73, 1832.01, 1835.26, 1838.46, 1841.61, 1844.72, 1847.78, 1850.79, 1853.75, 1856.66, 1859.51, 1862.31, 1865.05, 1867.74, 1870.35, 1872.91, 1875.39, 1877.79, 1880.12, 1882.35, 1884.48, 1886.49, 1888.35, 1890.07, 1891.76, 1893.57, 1895.54, 1897.63, 1899.85, 1902.16, 1904.56, 1907.04, 1909.61, 1912.25, 1914.96, 1917.74, 1920.59, 1923.51, 1926.49, 1929.54, 1932.64, 1935.82, 1939.05, 1942.34, 1945.69, 1949.11, 1952.58, 1956.12, 1959.72, 1963.37, 1967.09, 1970.87, 1974.71, 1978.61, 1982.58, 1986.61, 1990.7, 1994.85, 1999.07, 2003.36, 2007.71, 2012.13, 2016.62, 2021.18, 2025.81, 2030.52, 2035.29, 2040.15, 2045.07, 2050.08, 2055.17, 2060.34, 2065.6, 2070.94, 2076.37, 2081.89, 2087.51, 2093.22, 2099.03, 2104.95, 2110.97, 2117.11, 2123.36, 2129.74, 2136.23, 2142.86, 2149.63, 2156.54, 2163.6, 2170.82, 2178.21, 2185.78, 2193.54, 2201.5, 2209.68, 2218.09, 2226.76, 2235.71, 2244.96, 2254.55, 2264.52, 2274.92, 2285.8, 2297.26, 2309.4, 2322.38, 2336.44, 2351.96, 2369.72, 2391.68]

main(1e-6, 4, 200)

	4: l_mean: 1054.414210332653 l_std: 768.7754314743831
	[2.99952, 7.00016, 11.0594, 15.503, 20.8583, 27.3899, 35.135, 44.0807, 54.2114, 65.5126, 77.9705, 91.5713, 106.301, 122.144, 139.085, 157.107, 176.193, 196.323, 217.479, 239.639, 262.782, 286.886, 311.927, 337.881, 364.723, 392.427, 420.966, 450.312, 480.437, 511.312, 542.908, 575.192, 608.135, 641.704, 675.866, 710.59, 745.84, 781.584, 817.786, 854.411, 891.425, 928.791, 966.472, 1004.43, 1042.64, 1081.05, 1119.63, 1158.34, 1197.14, 1236.0, 1274.88, 1313.74, 1352.54, 1391.25, 1429.83, 1468.24, 1506.45, 1544.41, 1582.09, 1619.46, 1656.47, 1693.1, 1729.3, 1765.04, 1800.29, 1835.01, 1869.18, 1902.75, 1935.69, 1967.97, 1999.57, 2030.44, 2060.57, 2089.91, 2118.45, 2146.16, 2173.0, 2198.95, 2223.99, 2248.1, 2271.24, 2293.4, 2314.55, 2334.68, 2353.77, 2371.79, 2388.73, 2404.57, 2419.3, 2432.9, 2445.36, 2456.66, 2466.78, 2475.73, 2483.47, 2489.98, 2495.2, 2499.09, 2502.53, 2507.71]



The more accurate the first number is, the less accurate the remaining numbers are.

e)

main(1e-6, 14, 400, 0.01)
main(1e-6, 14, 400, 0.5)
main(1e-6, 14, 400, 1)
main(1e-6, 14, 400, 5)

rho_max 14 ohm 0.01: [0.201457, 0.402793, 0.68825, 1.06462, 1.53563, 2.10336, 2.76901, 3.5333, 4.39668, 5.35942, 6.42172, 7.58365, 8.84528, 10.2066, 11.6677, 13.2284, 14.8887, 16.6486, 18.508, 20.4668, 22.5249, 24.6821, 26.9384, 29.2937, 31.7478, 34.3005, 36.9518, 39.7014, 42.5492, 45.4951, 48.5388, 51.6802, 54.9191, 58.2552, 61.6885, 65.2186, 68.8454, 72.5686, 76.3881, 80.3035, 84.3147, 88.4214, 92.6234, 96.9203, 101.312, 105.798, 110.378, 115.053, 119.82, 124.681, 129.636, 134.682, 139.822, 145.053, 150.376, 155.791, 161.297, 166.893, 172.58, 178.357, 184.223, 190.18, 196.225, 202.358, 208.58, 214.89, 221.287, 227.771, 234.342, 241.0, 247.743, 254.571, 261.485, 268.483, 275.565, 282.731, 289.981, 297.313, 304.727, 312.224, 319.802, 327.461, 335.2, 343.02, 350.919, 358.897, 366.954, 375.089, 383.301, 391.591, 399.957, 408.399, 416.917, 425.51, 434.177, 442.918, 451.733, 460.62, 469.58, 478.612, 487.714, 496.888, 506.131, 515.444, 524.826, 534.277, 543.795, 553.38, 563.032, 572.75, 582.533, 592.381, 602.293, 612.269, 622.308, 632.409, 642.572, 652.796, 663.08, 673.424, 683.828, 694.29, 704.81, 715.387, 726.021, 736.711, 747.456, 758.255, 769.109, 780.016, 790.975, 801.987, 813.049, 824.163, 835.326, 846.538, 857.799, 869.108, 880.464, 891.866, 903.314, 914.807, 926.345, 937.926, 949.549, 961.215, 972.923, 984.671, 996.459, 1008.29, 1020.15, 1032.06, 1044.0, 1055.97, 1067.99, 1080.03, 1092.12, 1104.23, 1116.38, 1128.56, 1140.77, 1153.01, 1165.28, 1177.58, 1189.91, 1202.26, 1214.64, 1227.05, 1239.48, 1251.94, 1264.42, 1276.92, 1289.45, 1301.99, 1314.56, 1327.15, 1339.75, 1352.38, 1365.02, 1377.67, 1390.35, 1403.03, 1415.74, 1428.45, 1441.18, 1453.92, 1466.67, 1479.43, 1492.2, 1504.98, 1517.77, 1530.56, 1543.36, 1556.17, 1568.98, 1581.79, 1594.61, 1607.43, 1620.25, 1633.08, 1645.9, 1658.72, 1671.54, 1684.36, 1697.17, 1709.98, 1722.79, 1735.59, 1748.39, 1761.17, 1773.95, 1786.72, 1799.48, 1812.23, 1824.97, 1837.7, 1850.42, 1863.12, 1875.81, 1888.48, 1901.14, 1913.78, 1926.4, 1939.0, 1951.59, 1964.16, 1976.7, 1989.23, 2001.73, 2014.21, 2026.67, 2039.1, 2051.51, 2063.89, 2076.24, 2088.57, 2100.87, 2113.14, 2125.38, 2137.59, 2149.77, 2161.92, 2174.04, 2186.12, 2198.16, 2210.18, 2222.15, 2234.1, 2246.0, 2257.86, 2269.69, 2281.48, 2293.23, 2304.94, 2316.6, 2328.23, 2339.81, 2351.34, 2362.84, 2374.28, 2385.69, 2397.04, 2408.35, 2419.61, 2430.82, 2441.99, 2453.1, 2464.16, 2475.17, 2486.13, 2497.04, 2507.89, 2518.69, 2529.44, 2540.13, 2550.76, 2561.34, 2571.86, 2582.32, 2592.72, 2603.07, 2613.35, 2623.58, 2633.74, 2643.84, 2653.88, 2663.85, 2673.77, 2683.61, 2693.4, 2703.11, 2712.77, 2722.35, 2731.87, 2741.32, 2750.7, 2760.01, 2769.26, 2778.43, 2787.53, 2796.56, 2805.52, 2814.41, 2823.22, 2831.96, 2840.63, 2849.22, 2857.74, 2866.18, 2874.55, 2882.84, 2891.05, 2899.18, 2907.24, 2915.22, 2923.12, 2930.94, 2938.68, 2946.33, 2953.91, 2961.41, 2968.82, 2976.15, 2983.4, 2990.57, 2997.65, 3004.65, 3011.56, 3018.39, 3025.13, 3031.79, 3038.36, 3044.84, 3051.24, 3057.55, 3063.77, 3069.9, 3075.94, 3081.9, 3087.77, 3093.54, 3099.23, 3104.82, 3110.33, 3115.74, 3121.06, 3126.29, 3131.43, 3136.48, 3141.43, 3146.29, 3151.06, 3155.73, 3160.31, 3164.79, 3169.18, 3173.48, 3177.68, 3181.78, 3185.79, 3189.71, 3193.52, 3197.25, 3200.87, 3204.4, 3207.83, 3211.16, 3214.4, 3217.54, 3220.58, 3223.52, 3226.37, 3229.11, 3231.76, 3234.31, 3236.76, 3239.11, 3241.36, 3243.52, 3245.57, 3247.52, 3249.38, 3251.13, 3252.79, 3254.34, 3255.79, 3257.15, 3258.4, 3259.55, 3260.6, 3261.55, 3262.4, 3263.15, 3263.79, 3264.34, 3264.78, 3265.11, 3265.33, 3265.54, 1.00163e6]

rho_max 14 ohm 0.5: [2.24046, 4.15456, 6.10233, 8.06632, 10.0395, 12.0184, 14.0011, 15.9864, 17.9736, 19.9622, 21.9518, 23.9422, 25.9332, 27.9246, 29.9162, 31.9081, 33.9001, 35.8923, 37.8845, 39.8774, 41.874, 43.8844, 45.9329, 48.0552, 50.2831, 52.6331, 55.1086, 57.7069, 60.4241, 63.2564, 66.2006, 69.2541, 72.4149, 75.6813, 79.0519, 82.5254, 86.1009, 89.7774, 93.5542, 97.4306, 101.406, 105.479, 109.651, 113.919, 118.285, 122.747, 127.304, 131.957, 136.705, 141.548, 146.484, 151.515, 156.639, 161.855, 167.165, 172.567, 178.06, 183.645, 189.321, 195.087, 200.944, 206.891, 212.927, 219.052, 225.266, 231.568, 237.958, 244.435, 251.0, 257.65, 264.387, 271.21, 278.118, 285.111, 292.188, 299.349, 306.593, 313.921, 321.331, 328.823, 336.397, 344.052, 351.788, 359.604, 367.499, 375.474, 383.528, 391.659, 399.869, 408.155, 416.519, 424.958, 433.473, 442.063, 450.728, 459.467, 468.279, 477.164, 486.122, 495.151, 504.252, 513.423, 522.665, 531.976, 541.356, 550.804, 560.321, 569.904, 579.554, 589.27, 599.052, 608.899, 618.809, 628.784, 638.821, 648.921, 659.082, 669.305, 679.588, 689.931, 700.333, 710.794, 721.313, 731.889, 742.521, 753.21, 763.954, 774.752, 785.605, 796.511, 807.469, 818.48, 829.542, 840.654, 851.816, 863.028, 874.288, 885.595, 896.95, 908.352, 919.799, 931.291, 942.828, 954.408, 966.031, 977.696, 989.403, 1001.15, 1012.94, 1024.76, 1036.63, 1048.53, 1060.47, 1072.45, 1084.46, 1096.51, 1108.59, 1120.7, 1132.85, 1145.03, 1157.24, 1169.48, 1181.75, 1194.05, 1206.38, 1218.73, 1231.11, 1243.52, 1255.95, 1268.41, 1280.89, 1293.39, 1305.91, 1318.46, 1331.02, 1343.61, 1356.21, 1368.84, 1381.48, 1394.13, 1406.8, 1419.49, 1432.19, 1444.91, 1457.64, 1470.37, 1483.13, 1495.89, 1508.66, 1521.43, 1534.22, 1547.01, 1559.81, 1572.62, 1585.43, 1598.25, 1611.06, 1623.88, 1636.7, 1649.53, 1662.35, 1675.17, 1687.99, 1700.81, 1713.62, 1726.43, 1739.24, 1752.04, 1764.83, 1777.62, 1790.4, 1803.17, 1815.93, 1828.68, 1841.42, 1854.14, 1866.86, 1879.56, 1892.25, 1904.92, 1917.58, 1930.22, 1942.84, 1955.44, 1968.03, 1980.59, 1993.14, 2005.66, 2018.17, 2030.65, 2043.1, 2055.53, 2067.94, 2080.32, 2092.68, 2105.0, 2117.3, 2129.57, 2141.81, 2154.02, 2166.2, 2178.35, 2190.46, 2202.54, 2214.59, 2226.6, 2238.58, 2250.52, 2262.42, 2274.29, 2286.11, 2297.9, 2309.65, 2321.35, 2333.02, 2344.64, 2356.22, 2367.76, 2379.25, 2390.7, 2402.1, 2413.45, 2424.76, 2436.02, 2447.23, 2458.4, 2469.51, 2480.57, 2491.58, 2502.54, 2513.44, 2524.3, 2535.09, 2545.84, 2556.53, 2567.16, 2577.74, 2588.25, 2598.71, 2609.12, 2619.46, 2629.74, 2639.96, 2650.13, 2660.23, 2670.26, 2680.24, 2690.15, 2699.99, 2709.78, 2719.49, 2729.14, 2738.72, 2748.24, 2757.69, 2767.07, 2776.38, 2785.62, 2794.79, 2803.89, 2812.92, 2821.88, 2830.76, 2839.58, 2848.31, 2856.98, 2865.57, 2874.08, 2882.52, 2890.89, 2899.17, 2907.38, 2915.51, 2923.57, 2931.54, 2939.44, 2947.25, 2954.99, 2962.64, 2970.22, 2977.71, 2985.12, 2992.44, 2999.69, 3006.85, 3013.93, 3020.92, 3027.83, 3034.65, 3041.39, 3048.04, 3054.6, 3061.08, 3067.47, 3073.77, 3079.98, 3086.11, 3092.14, 3098.09, 3103.95, 3109.71, 3115.39, 3120.98, 3126.47, 3131.87, 3137.18, 3142.4, 3147.52, 3152.55, 3157.49, 3162.34, 3167.09, 3171.74, 3176.3, 3180.77, 3185.13, 3189.41, 3193.58, 3197.66, 3201.64, 3205.52, 3209.31, 3212.99, 3216.58, 3220.07, 3223.45, 3226.74, 3229.92, 3233.0, 3235.98, 3238.85, 3241.62, 3244.28, 3246.83, 3249.28, 3251.61, 3253.82, 3255.92, 3257.89, 3259.74, 3261.45, 3263.01, 3264.4, 3265.54, 3266.54, 3267.75, 3269.22, 3270.88, 3272.73, 3274.75, 3276.97, 3279.38, 3282.0, 3284.88, 3288.05, 3291.58, 3295.58, 3300.29, 3306.26, 1.00163e6]

rho_max 14 ohm 1: [4.09802, 7.98166, 11.9162, 15.873, 19.8415, 23.8166, 27.7958, 31.7774, 35.7605, 39.7443, 43.7285, 47.7126, 51.6965, 55.6799, 59.6628, 63.6449, 67.6263, 71.6068, 75.5864, 79.565, 83.5427, 87.5192, 91.4948, 95.4692, 99.4425, 103.415, 107.386, 111.356, 115.324, 119.292, 123.258, 127.223, 131.187, 135.15, 139.112, 143.072, 147.031, 150.989, 154.946, 158.901, 162.855, 166.808, 170.761, 174.714, 178.672, 182.647, 186.662, 190.746, 194.934, 199.248, 203.698, 208.287, 213.011, 217.864, 222.842, 227.94, 233.154, 238.482, 243.919, 249.464, 255.114, 260.868, 266.723, 272.678, 278.733, 284.884, 291.132, 297.475, 303.912, 310.442, 317.064, 323.778, 330.582, 337.476, 344.459, 351.531, 358.689, 365.935, 373.266, 380.683, 388.185, 395.771, 403.44, 411.192, 419.026, 426.942, 434.938, 443.015, 451.172, 459.408, 467.722, 476.114, 484.583, 493.129, 501.751, 510.448, 519.221, 528.067, 536.987, 545.98, 555.045, 564.183, 573.391, 582.67, 592.019, 601.437, 610.923, 620.478, 630.1, 639.79, 649.545, 659.366, 669.251, 679.201, 689.215, 699.291, 709.43, 719.631, 729.892, 740.214, 750.596, 761.037, 771.536, 782.093, 792.707, 803.377, 814.103, 824.884, 835.72, 846.609, 857.551, 868.546, 879.592, 890.688, 901.836, 913.032, 924.278, 935.571, 946.912, 958.3, 969.734, 981.213, 992.736, 1004.3, 1015.91, 1027.57, 1039.26, 1051.0, 1062.77, 1074.59, 1086.44, 1098.33, 1110.26, 1122.23, 1134.23, 1146.26, 1158.34, 1170.44, 1182.58, 1194.74, 1206.94, 1219.18, 1231.44, 1243.73, 1256.04, 1268.39, 1280.76, 1293.16, 1305.58, 1318.03, 1330.5, 1342.99, 1355.51, 1368.04, 1380.6, 1393.18, 1405.77, 1418.39, 1431.02, 1443.67, 1456.33, 1469.01, 1481.7, 1494.41, 1507.13, 1519.86, 1532.6, 1545.36, 1558.12, 1570.89, 1583.67, 1596.45, 1609.25, 1622.04, 1634.85, 1647.65, 1660.46, 1673.27, 1686.09, 1698.9, 1711.72, 1724.53, 1737.34, 1750.15, 1762.96, 1775.76, 1788.56, 1801.35, 1814.14, 1826.92, 1839.69, 1852.45, 1865.2, 1877.94, 1890.68, 1903.4, 1916.1, 1928.8, 1941.47, 1954.14, 1966.79, 1979.42, 1992.03, 2004.63, 2017.21, 2029.76, 2042.3, 2054.82, 2067.31, 2079.78, 2092.23, 2104.65, 2117.05, 2129.42, 2141.77, 2154.08, 2166.37, 2178.63, 2190.87, 2203.07, 2215.23, 2227.37, 2239.48, 2251.55, 2263.58, 2275.59, 2287.55, 2299.48, 2311.37, 2323.23, 2335.04, 2346.82, 2358.56, 2370.25, 2381.9, 2393.52, 2405.08, 2416.61, 2428.09, 2439.52, 2450.91, 2462.25, 2473.55, 2484.79, 2495.99, 2507.14, 2518.24, 2529.28, 2540.28, 2551.22, 2562.11, 2572.95, 2583.73, 2594.46, 2605.13, 2615.75, 2626.3, 2636.81, 2647.25, 2657.63, 2667.96, 2678.22, 2688.42, 2698.56, 2708.64, 2718.66, 2728.61, 2738.5, 2748.32, 2758.08, 2767.77, 2777.4, 2786.96, 2796.45, 2805.87, 2815.22, 2824.5, 2833.72, 2842.86, 2851.93, 2860.93, 2869.85, 2878.7, 2887.48, 2896.18, 2904.81, 2913.37, 2921.84, 2930.24, 2938.57, 2946.81, 2954.98, 2963.06, 2971.07, 2979.0, 2986.84, 2994.61, 3002.29, 3009.89, 3017.41, 3024.84, 3032.19, 3039.46, 3046.64, 3053.73, 3060.74, 3067.66, 3074.49, 3081.23, 3087.89, 3094.45, 3100.93, 3107.31, 3113.61, 3119.81, 3125.92, 3131.93, 3137.85, 3143.68, 3149.41, 3155.05, 3160.58, 3166.02, 3171.36, 3176.6, 3181.75, 3186.78, 3191.72, 3196.55, 3201.28, 3205.9, 3210.41, 3214.81, 3219.1, 3223.28, 3227.34, 3231.28, 3235.1, 3238.8, 3242.36, 3245.8, 3249.09, 3252.23, 3255.22, 3258.03, 3260.65, 3263.04, 3265.13, 3266.99, 3269.03, 3271.41, 3274.04, 3276.89, 3279.94, 3283.17, 3286.58, 3290.16, 3293.91, 3297.84, 3301.95, 3306.24, 3310.71, 3315.38, 3320.25, 3325.33, 3330.64, 3336.19, 3342.01, 3348.1, 3354.51, 3361.26, 3368.41, 3376.01, 3384.15, 3392.93, 3402.53, 3413.25, 3425.62, 3441.1, 1.00163e6]

rho_max 14 ohm 5: [18.1314, 38.147, 58.1919, 78.2216, 98.2236, 118.194, 138.13, 158.032, 177.899, 197.731, 217.528, 237.291, 257.02, 276.713, 296.373, 315.998, 335.589, 355.146, 374.668, 394.156, 413.611, 433.031, 452.417, 471.769, 491.087, 510.371, 529.621, 548.836, 568.017, 587.165, 606.277, 625.356, 644.4, 663.41, 682.385, 701.326, 720.232, 739.103, 757.94, 776.742, 795.509, 814.241, 832.938, 851.6, 870.227, 888.819, 907.375, 925.896, 944.381, 962.831, 981.245, 999.623, 1017.97, 1036.27, 1054.54, 1072.78, 1090.97, 1109.13, 1127.26, 1145.35, 1163.4, 1181.41, 1199.39, 1217.33, 1235.24, 1253.1, 1270.93, 1288.72, 1306.48, 1324.19, 1341.87, 1359.51, 1377.11, 1394.67, 1412.2, 1429.68, 1447.13, 1464.54, 1481.91, 1499.24, 1516.53, 1533.78, 1550.99, 1568.17, 1585.3, 1602.39, 1619.44, 1636.46, 1653.43, 1670.36, 1687.25, 1704.09, 1720.9, 1737.67, 1754.39, 1771.07, 1787.71, 1804.31, 1820.87, 1837.38, 1853.85, 1870.28, 1886.66, 1903.0, 1919.3, 1935.55, 1951.76, 1967.93, 1984.05, 2000.12, 2016.16, 2032.14, 2048.08, 2063.98, 2079.83, 2095.63, 2111.38, 2127.09, 2142.76, 2158.37, 2173.94, 2189.46, 2204.93, 2220.35, 2235.73, 2251.06, 2266.33, 2281.56, 2296.74, 2311.86, 2326.94, 2341.96, 2356.94, 2371.86, 2386.73, 2401.55, 2416.31, 2431.02, 2445.68, 2460.28, 2474.83, 2489.32, 2503.76, 2518.14, 2532.47, 2546.74, 2560.95, 2575.11, 2589.2, 2603.24, 2617.22, 2631.13, 2644.99, 2658.78, 2672.52, 2686.19, 2699.8, 2713.34, 2726.82, 2740.23, 2753.58, 2766.86, 2780.07, 2793.22, 2806.29, 2819.29, 2832.23, 2845.09, 2857.87, 2870.58, 2883.22, 2895.78, 2908.26, 2920.66, 2932.98, 2945.22, 2957.38, 2969.45, 2981.43, 2993.32, 3005.13, 3016.84, 3028.45, 3039.97, 3051.39, 3062.7, 3073.91, 3085.01, 3096.0, 3106.88, 3117.63, 3128.26, 3138.76, 3149.13, 3159.35, 3169.43, 3179.35, 3189.11, 3198.69, 3208.07, 3217.25, 3226.2, 3234.89, 3243.28, 3251.3, 3258.88, 3266.02, 3273.03, 3280.38, 3288.2, 3296.44, 3305.02, 3313.88, 3322.99, 3332.33, 3341.88, 3351.62, 3361.55, 3371.65, 3381.91, 3392.33, 3402.9, 3413.61, 3424.46, 3435.45, 3446.57, 3457.82, 3469.19, 3480.69, 3492.3, 3504.03, 3515.87, 3527.83, 3539.89, 3552.06, 3564.34, 3576.72, 3589.21, 3601.8, 3614.48, 3627.27, 3640.15, 3653.13, 3666.21, 3679.38, 3692.64, 3706.0, 3719.45, 3732.98, 3746.61, 3760.33, 3774.13, 3788.03, 3802.01, 3816.07, 3830.22, 3844.46, 3858.78, 3873.18, 3887.67, 3902.24, 3916.9, 3931.63, 3946.45, 3961.34, 3976.32, 3991.38, 4006.52, 4021.73, 4037.03, 4052.4, 4067.85, 4083.38, 4098.99, 4114.67, 4130.43, 4146.27, 4162.18, 4178.17, 4194.24, 4210.38, 4226.59, 4242.88, 4259.25, 4275.69, 4292.2, 4308.79, 4325.45, 4342.18, 4358.99, 4375.87, 4392.82, 4409.84, 4426.94, 4444.11, 4461.35, 4478.66, 4496.05, 4513.51, 4531.03, 4548.63, 4566.3, 4584.04, 4601.85, 4619.73, 4637.69, 4655.71, 4673.8, 4691.96, 4710.2, 4728.51, 4746.9, 4765.37, 4783.93, 4802.6, 4821.39, 4840.34, 4859.47, 4878.8, 4898.37, 4918.18, 4938.26, 4958.61, 4979.24, 5000.15, 5021.34, 5042.81, 5064.56, 5086.59, 5108.9, 5131.49, 5154.36, 5177.51, 5200.94, 5224.65, 5248.65, 5272.94, 5297.52, 5322.4, 5347.57, 5373.05, 5398.83, 5424.92, 5451.33, 5478.06, 5505.11, 5532.5, 5560.23, 5588.3, 5616.72, 5645.5, 5674.65, 5704.17, 5734.08, 5764.37, 5795.08, 5826.19, 5857.73, 5889.7, 5922.12, 5955.0, 5988.36, 6022.2, 6056.54, 6091.41, 6126.81, 6162.78, 6199.31, 6236.45, 6274.21, 6312.61, 6351.69, 6391.48, 6432.0, 6473.29, 6515.39, 6558.34, 6602.18, 6646.98, 6692.78, 6739.65, 6787.65, 6836.88, 6887.42, 6939.37, 6992.86, 7048.03, 7105.05, 7164.12, 7225.49, 7289.46, 7356.41, 7426.85, 7501.47, 7581.23, 7667.59, 7762.97, 7872.03, 8006.88, 1.00163e6]


main(1e-6, 23, 400, 0.01)
main(1e-6, 23, 400, 0.5)
main(1e-6, 23, 400, 1)
main(1e-6, 23, 400, 5)

rho_max 23 ohm 0.01: 
[0.122946, 0.205, 0.318252, 0.464085, 0.643809, 0.858385, 1.10847, 1.39451, 1.71681, 2.07556, 2.47092, 2.90297, 3.37177, 3.87737, 4.41978, 4.99902, 5.61508, 6.26795, 6.95761, 7.68404, 8.44721, 9.24708, 10.0836, 10.9568, 11.8665, 12.8128, 13.7955, 14.8147, 15.8702, 16.962, 18.0901, 19.2543, 20.4547, 21.6911, 22.9634, 24.2716, 25.6156, 26.9954, 28.4108, 29.8617, 31.3481, 32.8699, 34.4269, 36.0192, 37.6465, 39.3088, 41.0061, 42.7381, 44.5047, 46.306, 48.1417, 50.0118, 51.9161, 53.8545, 55.8269, 57.8332, 59.8732, 61.9469, 64.054, 66.1946, 68.3683, 70.5752, 72.8151, 75.0877, 77.3931, 79.731, 82.1014, 84.504, 86.9387, 89.4053, 91.9038, 94.4339, 96.9955, 99.5885, 102.213, 104.868, 107.554, 110.271, 113.018, 115.795, 118.603, 121.441, 124.309, 127.206, 130.133, 133.089, 136.074, 139.088, 142.131, 145.202, 148.302, 151.43, 154.586, 157.77, 160.981, 164.22, 167.486, 170.779, 174.099, 177.445, 180.818, 184.216, 187.641, 191.092, 194.568, 198.07, 201.596, 205.148, 208.724, 212.324, 215.949, 219.598, 223.271, 226.967, 230.686, 234.429, 238.194, 241.983, 245.793, 249.626, 253.48, 257.357, 261.255, 265.174, 269.113, 273.074, 277.055, 281.057, 285.078, 289.119, 293.18, 297.26, 301.359, 305.476, 309.612, 313.767, 317.939, 322.129, 326.337, 330.561, 334.803, 339.061, 343.336, 347.627, 351.934, 356.256, 360.594, 364.946, 369.314, 373.696, 378.093, 382.503, 386.927, 391.365, 395.816, 400.28, 404.756, 409.245, 413.746, 418.258, 422.783, 427.318, 431.865, 436.422, 440.989, 445.567, 450.154, 454.751, 459.358, 463.973, 468.597, 473.23, 477.87, 482.519, 487.175, 491.838, 496.508, 501.185, 505.869, 510.558, 515.254, 519.955, 524.661, 529.372, 534.088, 538.808, 543.532, 548.26, 552.992, 557.727, 562.465, 567.205, 571.948, 576.692, 581.439, 586.187, 590.936, 595.686, 600.437, 605.188, 609.939, 614.689, 619.44, 624.189, 628.937, 633.683, 638.428, 643.171, 647.911, 652.649, 657.384, 662.115, 666.843, 671.568, 676.288, 681.004, 685.715, 690.421, 695.122, 699.817, 704.507, 709.19, 713.867, 718.537, 723.201, 727.857, 732.505, 737.146, 741.778, 746.402, 751.017, 755.624, 760.221, 764.808, 769.386, 773.953, 778.51, 783.057, 787.592, 792.116, 796.629, 801.13, 805.618, 810.095, 814.559, 819.009, 823.447, 827.871, 832.282, 836.678, 841.06, 845.428, 849.78, 854.118, 858.44, 862.747, 867.038, 871.312, 875.571, 879.812, 884.037, 888.244, 892.434, 896.606, 900.761, 904.897, 909.014, 913.113, 917.193, 921.253, 925.294, 929.316, 933.317, 937.298, 941.259, 945.198, 949.117, 953.015, 956.891, 960.746, 964.578, 968.389, 972.177, 975.942, 979.684, 983.404, 987.1, 990.772, 994.421, 998.046, 1001.65, 1005.22, 1008.77, 1012.3, 1015.8, 1019.28, 1022.73, 1026.15, 1029.55, 1032.92, 1036.27, 1039.59, 1042.88, 1046.15, 1049.39, 1052.6, 1055.78, 1058.94, 1062.06, 1065.16, 1068.23, 1071.28, 1074.29, 1077.28, 1080.23, 1083.16, 1086.06, 1088.92, 1091.76, 1094.57, 1097.34, 1100.09, 1102.81, 1105.49, 1108.15, 1110.77, 1113.36, 1115.93, 1118.46, 1120.95, 1123.42, 1125.85, 1128.26, 1130.63, 1132.96, 1135.27, 1137.54, 1139.78, 1141.99, 1144.16, 1146.3, 1148.41, 1150.48, 1152.52, 1154.52, 1156.5, 1158.43, 1160.34, 1162.21, 1164.04, 1165.84, 1167.61, 1169.34, 1171.04, 1172.7, 1174.32, 1175.91, 1177.47, 1178.99, 1180.48, 1181.93, 1183.34, 1184.72, 1186.06, 1187.37, 1188.64, 1189.87, 1191.07, 1192.24, 1193.36, 1194.45, 1195.51, 1196.52, 1197.5, 1198.45, 1199.36, 1200.23, 1201.06, 1201.86, 1202.62, 1203.34, 1204.03, 1204.68, 1205.29, 1205.86, 1206.4, 1206.9, 1207.36, 1207.79, 1208.18, 1208.53, 1208.84, 1209.12, 1209.35, 1209.55, 1209.71, 1209.83, 1209.9, 1210.06, 1.00061e6]

rho_max 23 ohm 0.5: 
[2.24796, 4.16865, 6.12153, 8.08937, 10.0653, 12.046, 14.0296, 16.0151, 18.0017, 19.9889, 21.9765, 23.9642, 25.9518, 27.9391, 29.9261, 31.9127, 33.8989, 35.8845, 37.8695, 39.8539, 41.8376, 43.8207, 45.8031, 47.7848, 49.7658, 51.746, 53.7255, 55.7042, 57.6821, 59.6593, 61.6356, 63.6112, 65.586, 67.5599, 69.5331, 71.5054, 73.477, 75.4477, 77.4175, 79.3866, 81.3548, 83.3222, 85.2888, 87.2545, 89.2193, 91.1834, 93.1466, 95.1089, 97.0704, 99.0311, 100.991, 102.95, 104.908, 106.865, 108.822, 110.777, 112.732, 114.686, 116.639, 118.591, 120.544, 122.498, 124.457, 126.429, 128.423, 130.451, 132.523, 134.645, 136.819, 139.045, 141.32, 143.644, 146.014, 148.429, 150.887, 153.386, 155.925, 158.504, 161.121, 163.775, 166.466, 169.193, 171.955, 174.752, 177.583, 180.448, 183.345, 186.276, 189.239, 192.233, 195.259, 198.317, 201.405, 204.523, 207.671, 210.849, 214.057, 217.293, 220.559, 223.852, 227.174, 230.524, 233.901, 237.306, 240.738, 244.196, 247.681, 251.191, 254.728, 258.291, 261.878, 265.491, 269.129, 272.791, 276.477, 280.187, 283.921, 287.679, 291.46, 295.263, 299.089, 302.938, 306.809, 310.702, 314.616, 318.551, 322.508, 326.485, 330.483, 334.502, 338.54, 342.598, 346.675, 350.772, 354.887, 359.021, 363.174, 367.345, 371.533, 375.739, 379.962, 384.203, 388.46, 392.733, 397.023, 401.329, 405.65, 409.987, 414.338, 418.705, 423.086, 427.481, 431.891, 436.314, 440.75, 445.199, 449.662, 454.137, 458.624, 463.123, 467.634, 472.156, 476.689, 481.234, 485.789, 490.354, 494.929, 499.514, 504.108, 508.711, 513.323, 517.944, 522.573, 527.21, 531.854, 536.506, 541.165, 545.831, 550.503, 555.182, 559.866, 564.556, 569.252, 573.952, 578.657, 583.367, 588.081, 592.798, 597.52, 602.244, 606.971, 611.701, 616.434, 621.168, 625.905, 630.643, 635.382, 640.121, 644.862, 649.603, 654.344, 659.084, 663.824, 668.563, 673.301, 678.037, 682.772, 687.505, 692.235, 696.962, 701.687, 706.408, 711.126, 715.84, 720.55, 725.255, 729.956, 734.652, 739.342, 744.027, 748.706, 753.379, 758.045, 762.704, 767.357, 772.002, 776.639, 781.269, 785.89, 790.503, 795.107, 799.701, 804.287, 808.863, 813.429, 817.984, 822.529, 827.063, 831.587, 836.098, 840.598, 845.087, 849.562, 854.026, 858.476, 862.914, 867.338, 871.749, 876.145, 880.527, 884.895, 889.249, 893.587, 897.91, 902.217, 906.508, 910.783, 915.042, 919.285, 923.51, 927.718, 931.909, 936.081, 940.236, 944.373, 948.491, 952.59, 956.67, 960.731, 964.772, 968.793, 972.794, 976.775, 980.735, 984.675, 988.593, 992.489, 996.364, 1000.22, 1004.05, 1007.86, 1011.64, 1015.4, 1019.14, 1022.86, 1026.55, 1030.22, 1033.86, 1037.48, 1041.08, 1044.65, 1048.19, 1051.71, 1055.21, 1058.67, 1062.12, 1065.53, 1068.92, 1072.28, 1075.61, 1078.92, 1082.2, 1085.45, 1088.67, 1091.87, 1095.03, 1098.17, 1101.28, 1104.36, 1107.4, 1110.42, 1113.41, 1116.37, 1119.3, 1122.19, 1125.06, 1127.89, 1130.69, 1133.46, 1136.2, 1138.9, 1141.57, 1144.21, 1146.81, 1149.38, 1151.92, 1154.42, 1156.88, 1159.31, 1161.71, 1164.07, 1166.39, 1168.67, 1170.92, 1173.13, 1175.3, 1177.43, 1179.52, 1181.58, 1183.59, 1185.56, 1187.48, 1189.37, 1191.2, 1193.0, 1194.74, 1196.44, 1198.09, 1199.69, 1201.23, 1202.71, 1204.14, 1205.49, 1206.78, 1207.98, 1209.08, 1210.04, 1210.9, 1211.86, 1212.98, 1214.2, 1215.52, 1216.91, 1218.38, 1219.92, 1221.53, 1223.2, 1224.93, 1226.73, 1228.59, 1230.51, 1232.5, 1234.56, 1236.68, 1238.86, 1241.12, 1243.45, 1245.86, 1248.34, 1250.9, 1253.55, 1256.28, 1259.11, 1262.03, 1265.06, 1268.21, 1271.48, 1274.88, 1278.42, 1282.13, 1286.02, 1290.12, 1294.46, 1299.08, 1304.05, 1309.46, 1315.47, 1322.39, 1331.01, 1.00061e6]

rho_max 23 ohm 1: 
[4.12688, 8.03125, 11.9801, 15.9464, 19.9203, 23.8975, 27.8755, 31.8529, 35.829, 39.8032, 43.775, 47.7443, 51.7108, 55.6743, 59.6349, 63.5923, 67.5465, 71.4975, 75.4452, 79.3896, 83.3307, 87.2683, 91.2026, 95.1335, 99.061, 102.985, 106.906, 110.823, 114.736, 118.647, 122.553, 126.456, 130.356, 134.252, 138.145, 142.034, 145.92, 149.802, 153.681, 157.556, 161.427, 165.295, 169.16, 173.02, 176.878, 180.731, 184.582, 188.428, 192.271, 196.111, 199.946, 203.779, 207.607, 211.432, 215.254, 219.072, 222.886, 226.696, 230.503, 234.307, 238.106, 241.902, 245.695, 249.483, 253.268, 257.05, 260.828, 264.602, 268.372, 272.139, 275.902, 279.661, 283.417, 287.169, 290.917, 294.661, 298.402, 302.139, 305.873, 309.602, 313.328, 317.05, 320.769, 324.483, 328.194, 331.901, 335.605, 339.304, 343.0, 346.692, 350.38, 354.064, 357.745, 361.422, 365.095, 368.764, 372.429, 376.09, 379.748, 383.402, 387.052, 390.698, 394.34, 397.978, 401.612, 405.243, 408.869, 412.492, 416.111, 419.726, 423.337, 426.944, 430.547, 434.146, 437.741, 441.332, 444.919, 448.503, 452.082, 455.657, 459.229, 462.796, 466.359, 469.918, 473.474, 477.025, 480.572, 484.115, 487.654, 491.19, 494.721, 498.249, 501.774, 505.299, 508.824, 512.355, 515.898, 519.458, 523.044, 526.661, 530.313, 534.005, 537.735, 541.505, 545.312, 549.156, 553.035, 556.947, 560.89, 564.863, 568.864, 572.892, 576.946, 581.025, 585.128, 589.254, 593.401, 597.57, 601.759, 605.967, 610.194, 614.439, 618.702, 622.982, 627.277, 631.589, 635.916, 640.257, 644.612, 648.981, 653.363, 657.757, 662.163, 666.581, 671.011, 675.45, 679.9, 684.36, 688.829, 693.307, 697.794, 702.289, 706.791, 711.301, 715.817, 720.34, 724.869, 729.404, 733.944, 738.489, 743.038, 747.592, 752.149, 756.71, 761.274, 765.84, 770.409, 774.979, 779.551, 784.124, 788.698, 793.273, 797.847, 802.421, 806.995, 811.567, 816.138, 820.708, 825.275, 829.84, 834.402, 838.961, 843.516, 848.068, 852.615, 857.158, 861.696, 866.228, 870.755, 875.276, 879.79, 884.298, 888.799, 893.292, 897.778, 902.256, 906.725, 911.185, 915.636, 920.078, 924.51, 928.931, 933.342, 937.743, 942.131, 946.509, 950.874, 955.227, 959.567, 963.894, 968.208, 972.508, 976.794, 981.065, 985.321, 989.562, 993.788, 997.998, 1002.19, 1006.37, 1010.53, 1014.67, 1018.79, 1022.9, 1026.99, 1031.05, 1035.1, 1039.13, 1043.14, 1047.13, 1051.1, 1055.04, 1058.97, 1062.87, 1066.75, 1070.6, 1074.43, 1078.24, 1082.03, 1085.79, 1089.52, 1093.23, 1096.91, 1100.56, 1104.19, 1107.79, 1111.36, 1114.9, 1118.41, 1121.9, 1125.35, 1128.77, 1132.15, 1135.51, 1138.83, 1142.12, 1145.37, 1148.59, 1151.77, 1154.91, 1158.02, 1161.08, 1164.11, 1167.09, 1170.03, 1172.93, 1175.78, 1178.58, 1181.33, 1184.03, 1186.68, 1189.27, 1191.81, 1194.28, 1196.68, 1199.01, 1201.26, 1203.43, 1205.49, 1207.43, 1209.2, 1210.81, 1212.43, 1214.22, 1216.18, 1218.28, 1220.48, 1222.77, 1225.15, 1227.61, 1230.15, 1232.75, 1235.43, 1238.17, 1240.97, 1243.84, 1246.77, 1249.76, 1252.81, 1255.92, 1259.09, 1262.32, 1265.6, 1268.95, 1272.35, 1275.81, 1279.33, 1282.9, 1286.54, 1290.23, 1293.98, 1297.79, 1301.66, 1305.6, 1309.59, 1313.65, 1317.76, 1321.95, 1326.19, 1330.5, 1334.88, 1339.32, 1343.84, 1348.42, 1353.08, 1357.8, 1362.6, 1367.48, 1372.44, 1377.47, 1382.59, 1387.79, 1393.07, 1398.44, 1403.91, 1409.46, 1415.12, 1420.87, 1426.73, 1432.69, 1438.77, 1444.96, 1451.27, 1457.7, 1464.27, 1470.97, 1477.82, 1484.82, 1491.97, 1499.3, 1506.8, 1514.5, 1522.4, 1530.51, 1538.87, 1547.47, 1556.36, 1565.55, 1575.08, 1584.99, 1595.33, 1606.16, 1617.56, 1629.65, 1642.58, 1656.6, 1672.08, 1689.8, 1711.73, 1.00061e6]

rho_max 23 ohm 5: 
[18.6125, 38.849, 58.9902, 79.0248, 98.9535, 118.778, 138.501, 158.124, 177.647, 197.072, 216.398, 235.627, 254.758, 273.792, 292.727, 311.565, 330.304, 348.945, 367.486, 385.928, 404.269, 422.51, 440.649, 458.686, 476.62, 494.45, 512.176, 529.796, 547.31, 564.717, 582.015, 599.203, 616.282, 633.248, 650.101, 666.84, 683.464, 699.97, 716.358, 732.626, 748.773, 764.796, 780.694, 796.465, 812.107, 827.619, 842.997, 858.239, 873.344, 888.308, 903.129, 917.803, 932.329, 946.701, 960.917, 974.973, 988.865, 1002.59, 1016.14, 1029.51, 1042.69, 1055.68, 1068.47, 1081.06, 1093.43, 1105.56, 1117.46, 1129.11, 1140.48, 1151.56, 1162.31, 1172.71, 1182.7, 1192.2, 1201.12, 1209.37, 1217.34, 1225.72, 1234.77, 1244.42, 1254.56, 1265.13, 1276.08, 1287.38, 1299.01, 1310.95, 1323.18, 1335.7, 1348.48, 1361.53, 1374.83, 1388.37, 1402.16, 1416.18, 1430.44, 1444.92, 1459.62, 1474.54, 1489.68, 1505.03, 1520.59, 1536.36, 1552.33, 1568.51, 1584.89, 1601.47, 1618.25, 1635.23, 1652.4, 1669.76, 1687.32, 1705.06, 1723.0, 1741.13, 1759.45, 1777.95, 1796.64, 1815.52, 1834.58, 1853.82, 1873.25, 1892.86, 1912.65, 1932.62, 1952.78, 1973.11, 1993.63, 2014.32, 2035.19, 2056.24, 2077.47, 2098.88, 2120.46, 2142.22, 2164.16, 2186.27, 2208.56, 2231.02, 2253.66, 2276.47, 2299.46, 2322.62, 2345.95, 2369.46, 2393.15, 2417.0, 2441.03, 2465.23, 2489.6, 2514.15, 2538.87, 2563.76, 2588.82, 2614.05, 2639.46, 2665.03, 2690.78, 2716.7, 2742.78, 2769.04, 2795.47, 2822.07, 2848.84, 2875.78, 2902.89, 2930.17, 2957.62, 2985.24, 3013.03, 3040.99, 3069.12, 3097.41, 3125.88, 3154.52, 3183.32, 3212.29, 3241.43, 3270.74, 3300.22, 3329.87, 3359.69, 3389.67, 3419.83, 3450.15, 3480.64, 3511.3, 3542.12, 3573.12, 3604.28, 3635.61, 3667.1, 3698.77, 3730.6, 3762.6, 3794.77, 3827.11, 3859.61, 3892.29, 3925.12, 3958.13, 3991.3, 4024.65, 4058.15, 4091.83, 4125.67, 4159.68, 4193.86, 4228.2, 4262.71, 4297.39, 4332.24, 4367.25, 4402.43, 4437.78, 4473.29, 4508.97, 4544.82, 4580.83, 4617.01, 4653.36, 4689.87, 4726.55, 4763.4, 4800.41, 4837.6, 4874.94, 4912.46, 4950.14, 4987.98, 5026.0, 5064.18, 5102.52, 5141.04, 5179.72, 5218.56, 5257.57, 5296.75, 5336.1, 5375.61, 5415.28, 5455.13, 5495.14, 5535.32, 5575.66, 5616.17, 5656.84, 5697.68, 5738.69, 5779.86, 5821.2, 5862.71, 5904.38, 5946.22, 5988.23, 6030.4, 6072.73, 6115.23, 6157.9, 6200.74, 6243.74, 6286.91, 6330.24, 6373.74, 6417.4, 6461.23, 6505.23, 6549.39, 6593.72, 6638.22, 6682.88, 6727.7, 6772.7, 6817.86, 6863.18, 6908.67, 6954.33, 7000.15, 7046.14, 7092.29, 7138.61, 7185.1, 7231.75, 7278.56, 7325.55, 7372.7, 7420.01, 7467.49, 7515.14, 7562.95, 7610.93, 7659.07, 7707.38, 7755.86, 7804.5, 7853.3, 7902.28, 7951.41, 8000.72, 8050.19, 8099.82, 8149.62, 8199.59, 8249.72, 8300.02, 8350.49, 8401.12, 8451.91, 8502.87, 8554.0, 8605.29, 8656.75, 8708.37, 8760.16, 8812.12, 8864.24, 8916.52, 8968.98, 9021.59, 9074.38, 9127.32, 9180.44, 9233.72, 9287.16, 9340.78, 9394.55, 9448.5, 9502.6, 9556.88, 9611.32, 9665.92, 9720.69, 9775.63, 9830.73, 9886.0, 9941.43, 9997.03, 10052.8, 10108.7, 10164.8, 10221.1, 10277.5, 10334.1, 10390.9, 10447.8, 10504.9, 10562.1, 10619.5, 10677.1, 10734.9, 10792.8, 10850.9, 10909.1, 10967.5, 11026.1, 11084.9, 11143.8, 11202.8, 11262.1, 11321.5, 11381.1, 11440.8, 11500.7, 11560.8, 11621.0, 11681.4, 11742.0, 11802.7, 11863.6, 11924.6, 11985.9, 12047.3, 12108.8, 12170.5, 12232.4, 12294.5, 12356.7, 12419.1, 12481.6, 12544.4, 12607.2, 12670.3, 12733.5, 12796.9, 12860.4, 12924.1, 12988.0, 13052.2, 13116.9, 13183.0, 13251.9, 13325.1, 13403.9, 13489.1, 13581.6, 13682.7, 13794.2, 13919.6, 14065.2, 14248.3, 1.00061e6]

