10 340 0.003903738
20 1229 0.00917692
30 2501 0.033272761
40 4254 0.077952928
50 6427 0.158856535
60 8778 0.316305585
70 11315 0.499547888
80 14619 0.767980507
90 18370 1.159298109
100 22337 1.900716336
110 26440 2.459550767
120 30324 3.459354397
130 34419 4.376453684
140 39333 5.762098684
150 44967 7.487711758
160 51126 9.332528665
170 57551 12.475259277
180 64110 14.836880403
190 71007 34.035674942
200 77663 44.859723489
210 84316 53.469524987
220 89446 29.803593249
230 95796 31.013159309
240 102628 35.731116041
250 111414 43.374294138
260 120655 52.977918743
270 130340 62.617736459
280 140235 154.878660268
290 150107 184.633006994
300 160032 143.392888041
